frontend/data/wind/wind_data.json
{"header": {"discipline":0,"disciplineName":"Meteorological products","gribEdition":2,"gribLength":48478,"center":7,"centerName":"US National Weather Service - NCEP(WMC)","subcenter":0,"refTime":"2020-10-03T06:00:00.000Z","significanceOfRT":1,"significanceOfRTName":"Start of forecast","productStatus":0,"productStatusName":"Operational products","productType":1,"productTypeName":"Forecast products","productDefinitionTemplate":0,"productDefinitionTemplateName":"Analysis/forecast at horizontal level/layer at a point in time","parameterCategory":0,"parameterCategoryName":"Temperature","parameterNumber":0,"parameterNumberName":"Temperature","parameterUnit":"K","genProcessType":2,"genProcessTypeName":"Forecast","forecastTime":0,"surface1Type":1,"surface1TypeName":"Ground or water surface","surface1Value":0.0,"surface2Type":255,"surface2TypeName":"Missing","surface2Value":0.0,"gridDefinitionTemplate":0,"gridDefinitionTemplateName":"Latitude_Longitude","numberPoints":65160,"shape":6,"shapeName":"Earth spherical with radius of 6,371,229.0 m","gridUnits":"degrees","resolution":48,"winds":"true","scanMode":0,"nx":360,"ny":181,"basicAngle":0,"lo1":0.0,"la1":90.0,"lo2":359.0,"la2":-90.0,"dx":1.0,"dy":1.0}, "data":
[rows 0 to 25 of 181, columns 120 to 179 of 360]
265.55695,265.55695,265.55695,265.55695,265.55695,265.55695,265.55695,265.55695,265.55695,265.55695,265.55695,265.55695,265.55695,265.55695,265.55695,265.55695,265.55695,265.55695,265.55695,265.55695,265.55695,265.55695,265.55695,265.55695,265.55695,265.55695,265.55695,265.55695,265.55695,265.55695,265.55695,265.55695,265.55695,265.55695,265.55695,265.55695,265.55695,265.55695,265.55695,265.55695,265.55695,265.55695,265.55695,265.55695,265.55695,265.55695,265.55695,265.55695,265.55695,265.55695,265.55695,265.55695,265.55695,265.55695,265.55695,265.55695,265.55695,265.55695,265.55695,265.55695
266.35696,266.55695,266.55695,266.55695,266.55695,266.75696,266.65695,266.65695,266.65695,266.65695,266.55695,266.85696,266.85696,266.85696,266.85696,266.85696,266.85696,266.85696,266.85696,266.85696,266.75696,266.75696,266.75696,266.65695,266.65695,266.65695,266.65695,266.65695,266.75696,266.75696,266.75696,266.75696,266.75696,266.75696,266.65695,266.65695,266.35696,266.35696,266.35696,266.35696,266.35696,266.35696,266.55695,265.75696,265.75696,265.75696,265.75696,265.75696,265.75696,265.75696,265.95697,266.05695,266.05695,266.05695,266.05695,266.05695,266.05695,266.05695,265.85696,265.65695
267.25696,267.25696,266.65695,266.65695,265.95697,265.95697,265.95697,265.85696,265.85696,266.95697,266.95697,266.95697,266.85696,267.65695,267.65695,267.85696,267.95697,267.95697,267.95697,267.95697,268.45697,268.55695,268.55695,268.65695,268.65695,268.65695,268.65695,268.85696,268.95697,268.95697,268.95697,268.95697,268.95697,268.95697,268.95697,268.95697,268.95697,268.95697,268.95697,268.95697,268.95697,268.95697,268.95697,268.95697,268.95697,268.95697,268.95697,269.05695,269.15695,269.15695,269.05695,269.05695,269.05695,268.95697,268.95697,268.95697,268.95697,268.95697,268.95697,268.95697
264.85696,265.95697,265.95697,267.45697,268.75696,268.75696,268.75696,268.55695,268.45697,268.45697,267.15695,267.45697,267.65695,267.55695,267.35696,266.95697,266.95697,266.85696,266.75696,266.55695,266.55695,266.45697,266.35696,266.35696,266.45697,266.05695,266.05695,266.15695,266.45697,266.45697,266.75696,266.75696,267.35696,267.65695,267.65695,267.75696,267.65695,267.65695,267.85696,267.85696,267.85696,267.35696,267.45697,267.55695,267.55695,267.55695,267.85696,267.85696,268.05695,268.05695,268.25696,268.35696,268.35696,268.35696,268.35696,268.35696,268.35696,268.35696,268.25696,269.35696
266.95697,267.75696,267.55695,267.25696,267.15695,267.25696,267.15695,266.85696,266.45697,266.45697,266.55695,266.55695,266.65695,267.35696,267.55695,267.55695,268.65695,268.75696,268.85696,268.95697,269.05695,269.05695,269.15695,269.45697,269.55695,269.55695,269.55695,269.85696,270.05695,270.05695,270.15695,270.15695,270.15695,270.35696,270.35696,270.45697,270.45697,270.45697,270.45697,270.55695,270.55695,270.55695,270.65695,270.75696,270.75696,270.75696,270.75696,270.75696,270.75696,270.75696,270.65695,270.65695,270.55695,270.55695,270.75696,270.75696,270.75696,270.75696,270.75696,270.65695
264.05695,264.45697,264.85696,265.65695,265.85696,266.25696,267.55695,268.45697,268.55695,269.05695,269.05695,269.35696,269.45697,269.45697,269.55695,269.55695,269.05695,268.65695,268.85696,268.85696,268.85696,269.05695,268.55695,269.15695,269.55695,269.55695,269.55695,269.65695,270.05695,270.45697,270.45697,270.45697,270.35696,270.35696,270.55695,270.35696,270.25696,269.65695,269.55695,269.25696,269.35696,269.35696,269.75696,270.35696,270.45697,270.45697,270.25696,270.15695,269.45697,268.05695,268.45697,268.75696,269.85696,270.05695,270.05695,270.25696,270.45697,270.45697,270.65695,270.65695
268.85696,268.85696,268.65695,268.75696,269.05695,269.35696,269.55695,269.45697,269.25696,269.15695,269.25696,269.35696,269.25696,269.65695,269.55695,269.45697,269.55695,269.65695,269.55695,269.65695,269.45697,269.55695,269.65695,269.45697,270.65695,270.55695,270.55695,270.35696,270.25696,270.25696,270.25696,270.45697,270.45697,270.45697,270.55695,270.65695,270.55695,270.45697,270.65695,270.65695,269.85696,269.05695,268.95697,270.65695,270.85696,270.85696,270.75696,270.75696,270.65695,270.55695,270.45697,270.35696,270.05695,269.15695,268.85696,269.35696,269.65695,270.35696,270.45697,270.55695
271.15695,271.15695,271.15695,271.15695,271.15695,271.15695,271.15695,271.15695,271.15695,271.15695,271.15695,271.15695,271.15695,271.25696,271.25696,271.35696,271.25696,271.35696,271.35696,271.45697,271.45697,271.55695,271.55695,271.55695,271.55695,271.55695,271.55695,271.55695,271.55695,271.45697,270.35696,270.75696,270.45697,269.25696,268.15695,268.05695,267.85696,267.75696,267.65695,267.35696,267.15695,267.05695,266.95697,266.65695,266.55695,266.55695,266.75696,267.15695,267.85696,267.45697,268.05695,268.65695,270.35696,270.45697,270.25696,270.25696,270.05695,270.05695,269.55695,266.95697
271.55695,271.55695,271.45697,271.45697,271.45697,271.45697,271.35696,271.35696,271.35696,271.35696,271.35696,271.35696,271.45697,271.45697,271.55695,271.65695,271.75696,271.75696,271.85696,271.85696,271.95697,271.95697,271.95697,271.95697,271.95697,271.95697,271.95697,271.95697,271.85696,271.85696,271.75696,271.65695,271.65695,271.15695,270.55695,269.75696,268.85696,268.55695,267.85696,268.05695,267.95697,267.75696,267.25696,267.35696,267.25696,267.15695,267.45697,267.75696,267.45697,266.95697,266.25696,266.15695,266.45697,267.65695,269.85696,270.15695,269.05695,265.45697,265.45697,266.25696
272.35696,272.45697,272.45697,272.45697,272.55695,272.45697,272.55695,272.45697,272.35696,272.45697,272.45697,272.45697,272.25696,272.15695,272.25696,272.15695,272.15695,272.25696,272.25696,272.25696,272.25696,272.25696,272.25696,272.15695,272.05695,272.05695,272.05695,272.05695,272.05695,271.95697,271.95697,271.85696,271.85696,271.75696,271.75696,271.65695,271.55695,271.55695,271.55695,271.45697,268.45697,267.95697,267.85696,267.85696,267.75696,267.65695,267.65695,267.35696,267.45697,266.95697,267.05695,266.85696,266.65695,266.65695,266.05695,265.95697,265.75696,265.35696,265.25696,265.15695
273.75696,273.65695,273.65695,273.75696,273.85696,273.85696,273.95697,273.95697,273.95697,274.05695,274.15695,274.15695,274.15695,274.15695,274.05695,273.95697,273.85696,273.75696,273.45697,273.35696,273.15695,273.15695,272.95697,272.85696,272.65695,272.65695,272.55695,272.45697,272.45697,272.25696,272.15695,272.05695,272.05695,271.95697,271.95697,271.95697,271.85696,271.85696,271.75696,271.75696,271.65695,271.55695,271.55695,271.45697,269.45697,269.85696,270.15695,269.65695,268.65695,268.95697,269.95697,269.85696,270.65695,270.55695,269.15695,268.55695,267.85696,267.45697,266.25696,265.15695
274.55695,274.65695,274.85696,274.85696,274.85696,274.95697,274.95697,275.05695,275.25696,275.35696,275.55695,275.65695,275.75696,275.75696,275.75696,275.75696,275.55695,275.45697,275.45697,275.35696,275.05695,275.05695,275.05695,274.75696,274.75696,274.75696,274.35696,274.35696,273.95697,273.75696,273.55695,272.95697,272.75696,272.45697,272.15695,272.15695,272.05695,272.05695,272.05695,271.95697,271.95697,271.95697,271.95697,271.75696,271.75696,270.55695,270.85696,271.95697,271.95697,271.85696,271.75696,271.65695,271.45697,271.45697,271.45697,271.35696,271.15695,268.85696,267.65695,266.95697
275.15695,275.25696,275.45697,275.45697,275.65695,275.65695,275.75696,275.75696,275.85696,275.95697,276.05695,276.15695,276.25696,276.35696,276.45697,276.35696,276.45697,276.35696,276.25696,276.25696,276.15695,276.05695,276.05695,275.95697,275.85696,275.65695,275.65695,275.35696,275.25696,274.95697,274.75696,274.45697,274.15695,273.75696,273.25696,273.15695,272.65695,272.45697,272.35696,272.35696,272.25696,272.25696,272.15695,272.15695,272.15695,272.15695,272.15695,272.15695,272.05695,271.95697,271.85696,271.75696,271.55695,271.55695,271.35696,271.25696,271.25696,271.15695,271.15695,270.75696
274.75696,274.95697,275.25696,275.45697,275.65695,275.85696,276.05695,276.25696,276.35696,276.45697,276.65695,276.75696,276.85696,276.95697,276.95697,276.95697,276.95697,276.85696,276.75696,276.65695,276.55695,276.45697,276.35696,276.15695,276.05695,275.85696,275.65695,275.55695,275.35696,275.25696,275.05695,274.75696,274.55695,274.25696,274.05695,273.85696,273.55695,273.45697,273.15695,273.05695,272.95697,272.65695,272.55695,272.45697,272.45697,272.45697,272.45697,272.35696,272.25696,272.05695,271.95697,271.85696,271.75696,271.65695,271.65695,271.45697,271.45697,271.65695,271.55695,271.55695
275.25696,275.45697,275.55695,275.55695,275.45697,275.65695,275.75696,275.95697,276.25696,276.35696,276.55695,276.55695,276.75696,276.75696,276.85696,276.85696,276.75696,276.65695,272.45697,271.85696,275.05695,276.15695,272.45697,275.85696,275.75696,275.65695,275.55695,275.45697,275.25696,275.05695,274.95697,274.85696,274.75696,274.75696,274.65695,274.55695,274.45697,274.45697,274.15695,274.15695,274.05695,273.85696,273.75696,273.45697,273.15695,272.75696,272.45697,272.35696,272.15695,272.05695,271.95697,271.95697,271.75696,271.55695,271.55695,271.85696,271.75696,271.65695,271.55695,271.55695
275.85696,275.95697,275.75696,275.75696,275.85696,275.75696,275.85696,275.85696,275.95697,276.15695,276.15695,276.25696,276.25696,276.25696,276.25696,276.15695,276.15695,275.95697,271.65695,272.05695,272.85696,272.15695,275.75696,272.65695,275.35696,275.75696,275.75696,274.55695,271.05695,270.55695,270.35696,275.05695,274.95697,274.85696,274.95697,275.15695,275.15695,275.05695,274.95697,274.95697,274.75696,274.65695,274.55695,274.35696,274.05695,273.75696,273.35696,272.95697,272.55695,272.35696,271.95697,271.65695,271.45697,271.25696,271.65695,271.65695,271.65695,271.65695,271.75696,271.95697
276.45697,276.45697,276.45697,276.35696,276.25696,275.85696,276.05695,276.05695,276.15695,276.35696,276.45697,276.45697,276.45697,276.25696,276.05695,275.85696,275.65695,275.55695,275.55695,275.55695,275.65695,272.35696,275.75696,275.75696,275.85696,275.95697,275.95697,275.95697,275.85696,275.75696,275.65695,275.45697,275.05695,274.75696,274.55695,274.75696,274.75696,274.85696,274.75696,274.75696,274.65695,274.65695,274.55695,274.35696,274.25696,274.05695,273.65695,273.35696,273.15695,272.95697,272.75696,272.45697,272.35696,271.95697,271.75696,271.95697,272.05695,272.15695,272.15695,272.25696
273.75696,274.25696,273.85696,275.45697,271.35696,270.85696,271.05695,274.05695,271.25696,271.05695,276.55695,276.55695,276.55695,276.25696,275.95697,275.65695,275.45697,275.35696,275.45697,275.65695,275.85696,275.85696,275.85696,275.95697,275.95697,276.05695,276.05695,276.25696,276.25696,276.35696,276.25696,275.95697,275.55695,275.25696,275.05695,274.95697,274.75696,274.85696,274.85696,274.85696,274.85696,274.85696,274.85696,274.85696,274.75696,274.65695,274.65695,274.55695,274.35696,274.35696,274.25696,274.15695,273.85696,273.55695,273.35696,273.15695,272.95697,273.15695,273.15695,273.05695
269.65695,269.45697,269.05695,269.35696,270.15695,267.15695,268.95697,268.45697,266.15695,275.75696,276.35696,276.45697,276.45697,276.45697,276.15695,276.05695,275.95697,275.95697,276.05695,275.95697,273.25696,272.15695,271.95697,271.65695,270.95697,270.85696,275.45697,270.05695,269.75696,269.95697,276.35696,276.35696,276.35696,276.05695,275.95697,275.95697,275.75696,275.85696,275.75696,275.75696,275.55695,275.65695,275.55695,275.45697,275.55695,275.55695,275.55695,275.35696,275.35696,275.25696,275.25696,275.15695,274.95697,274.75696,274.65695,274.45697,274.55695,274.25696,274.25696,274.15695
270.45697,269.65695,268.45697,268.05695,267.05695,268.85696,268.65695,269.15695,268.45697,269.25696,271.35696,275.95697,273.45697,272.85696,272.35696,272.45697,273.05695,273.45697,273.55695,273.05695,272.75696,272.25696,272.25696,271.95697,271.85696,271.45697,271.35696,272.35696,271.05695,270.85696,270.55695,270.05695,273.65695,276.25696,276.05695,273.45697,269.55695,273.75696,274.45697,276.35696,276.35696,276.35696,276.35696,276.35696,276.25696,276.15695,276.05695,275.95697,275.75696,275.85696,275.75696,275.45697,275.15695,275.05695,274.95697,275.05695,275.05695,275.15695,275.15695,271.35696
269.85696,269.85696,270.45697,271.65695,271.65695,272.45697,271.85696,270.65695,269.35696,267.05695,268.35696,272.25696,273.95697,273.25696,271.75696,271.05695,272.55695,272.85696,272.15695,270.95697,268.95697,271.05695,272.75696,272.55695,272.05695,272.45697,272.25696,272.45697,271.05695,270.55695,270.55695,270.35696,270.45697,269.75696,270.35696,270.45697,270.15695,270.65695,270.75696,271.55695,276.05695,276.25696,276.35696,276.45697,276.25696,276.25696,276.25696,276.05695,276.25696,276.65695,276.25696,266.05695,267.75696,275.45697,275.35696,275.25696,275.25696,275.35696,275.45697,275.45697
272.55695,272.85696,272.85696,272.65695,272.95697,272.15695,270.75696,268.55695,265.75696,264.35696,269.95697,272.45697,271.55695,272.85696,273.95697,272.55695,271.95697,271.85696,269.95697,270.75696,268.75696,272.85696,272.45697,272.75696,272.25696,272.65695,272.75696,272.25696,272.05695,271.35696,272.25696,272.15695,271.25696,271.05695,270.95697,270.95697,271.55695,271.75696,271.95697,272.85696,274.55695,272.55695,270.75696,267.15695,268.85696,260.45697,266.15695,269.05695,269.55695,272.25696,275.95697,274.95697,270.15695,266.95697,264.15695,268.95697,265.85696,267.85696,267.85696,271.35696
272.75696,272.85696,273.05695,273.25696,272.15695,270.85696,270.45697,266.85696,265.95697,264.65695,269.05695,271.15695,273.35696,273.35696,274.25696,273.65695,271.85696,269.05695,267.55695,265.45697,267.75696,272.25696,273.85696,274.55695,274.55695,274.75696,273.95697,272.55695,271.65695,272.25696,272.65695,273.05695,272.45697,271.95697,272.45697,276.45697,273.25696,273.45697,273.15695,271.55695,271.95697,271.65695,272.05695,270.85696,268.65695,269.35696,267.65695,267.75696,265.55695,263.05695,271.65695,271.75696,270.45697,261.35696,268.05695,267.05695,266.95697,267.05695,267.25696,269.55695
272.75696,272.55695,273.45697,273.15695,272.65695,271.35696,270.55695,268.35696,267.45697,267.25696,271.55695,272.05695,274.35696,274.65695,274.15695,273.55695,273.45697,273.25696,272.15695,264.45697,262.85696,273.65695,273.75696,272.05695,265.95697,271.05695,273.55695,274.55695,272.45697,272.95697,272.55695,273.15695,272.95697,273.35696,272.05695,272.75696,272.25696,271.95697,270.75696,270.15695,269.95697,271.35696,270.15695,269.85696,268.35696,268.65695,264.05695,258.45697,263.95697,264.95697,265.15695,266.15695,269.45697,267.75696,269.45697,270.35696,271.05695,271.65695,271.25696,271.55695
274.55695,274.65695,274.85696,275.35696,275.65695,274.35696,271.65695,268.35696,265.25696,264.45697,269.25696,272.95697,272.85696,272.75696,271.85696,272.05695,270.15695,272.25696,266.05695,264.35696,259.35696,262.95697,270.35696,270.55695,275.25696,273.35696,269.75696,267.95697,270.95697,273.45697,274.85696,275.85696,272.25696,271.65695,271.35696,270.85696,272.15695,270.95697,271.55695,270.85696,269.65695,269.25696,262.95697,257.05695,256.35696,257.85696,258.75696,266.05695,265.65695,267.35696,266.95697,267.25696,268.15695,269.35696,271.85696,270.55695,274.05695,273.75696,273.75696,273.55695
275.65695,275.55695,275.05695,276.55695,276.65695,277.25696,274.75696,271.95697,267.95697,263.65695,263.25696,267.85696,269.45697,272.25696,270.55695,272.45697,272.85696,270.75696,270.05695,270.15695,265.95697,267.65695,264.35696,270.95697,268.45697,269.25696,264.35696,272.55695,266.75696,271.35696,274.25696,275.55695,274.75696,272.05695,273.15695,272.55695,272.35696,271.25696,271.55695,270.05695,270.25696,269.35696,267.55695,262.85696,267.55695,266.45697,267.35696,266.75696,266.35696,267.75696,269.75696,272.35696,270.35696,270.05695,276.05695,273.85696,274.05695,276.15695,275.25696,273.65695
