frontend/data/wind/wind_data.json
{"header": {"discipline":0,"disciplineName":"Meteorological products","gribEdition":2,"gribLength":78976,"center":7,"centerName":"US National Weather Service - NCEP(WMC)","subcenter":0,"refTime":"2020-10-03T06:00:00.000Z","significanceOfRT":1,"significanceOfRTName":"Start of forecast","productStatus":0,"productStatusName":"Operational products","productType":1,"productTypeName":"Forecast products","productDefinitionTemplate":0,"productDefinitionTemplateName":"Analysis/forecast at horizontal level/layer at a point in time","parameterCategory":2,"parameterCategoryName":"Momentum","parameterNumber":3,"parameterNumberName":"V-component_of_wind","parameterUnit":"m.s-1","genProcessType":2,"genProcessTypeName":"Forecast","forecastTime":0,"surface1Type":103,"surface1TypeName":"Specified height level above ground","surface1Value":10.0,"surface2Type":255,"surface2TypeName":"Missing","surface2Value":0.0,"gridDefinitionTemplate":0,"gridDefinitionTemplateName":"Latitude_Longitude","numberPoints":65160,"shape":6,"shapeName":"Earth spherical with radius of 6,371,229.0 m","gridUnits":"degrees","resolution":48,"winds":"true","scanMode":0,"nx":360,"ny":181,"basicAngle":0,"lo1":0.0,"la1":90.0,"lo2":359.0,"la2":-90.0,"dx":1.0,"dy":1.0}, "data":
[rows 78 to 103 of 181, columns 116 to 173 of 360]
-1.3284595,-1.4584595,0.0015405273,-0.4684595,-1.4284595,-1.0384594,0.6515405,-1.3184595,0.8515405,-0.5384595,-1.3184595,0.45154053,1.7715405,2.3615406,2.6715405,2.4015405,1.8715405,0.41154054,0.7915405,1.3615406,2.1315405,2.3815405,1.2915405,2.0415406,3.8415406,3.1715405,2.2215405,4.0315404,4.5015407,4.0615406,3.4015405,2.0815406,0.88154054,-0.25845948,-1.3584595,-2.5084596,-1.8584595,-2.0184596,-0.45845947,3.2815406,2.9715405,2.6615405,2.3815405,1.0515405,0.39154053,-0.88845944,-1.1984595,0.07154053,1.3215405,1.4615406,0.17154053,-0.24845947,0.081540525,-0.098459475,-0.81845945,-1.4884595,-1.2184595,-1.7884594
0.42154053,-1.0084594,-0.5384595,-0.15845947,-0.5284595,-0.47845948,-1.0784595,3.0415406,-0.9584595,0.5415405,2.3315406,0.5415405,1.1315405,1.1715405,1.2815405,1.2815405,1.4915406,1.2115406,1.2715405,1.5915406,1.6515405,2.4315405,2.6015406,2.7615404,2.8315406,3.3915405,3.6615405,4.4415407,4.7015405,4.1415405,3.2515404,1.2815405,-0.38845947,-0.93845946,-1.4984595,-2.8184595,-3.0884595,-3.4384594,0.14154053,2.2415404,2.6315405,2.5215406,2.2015405,0.74154055,-0.5384595,-1.7284595,-0.06845947,0.87154055,1.7215406,-0.098459475,-0.73845947,0.6415405,0.47154054,-0.86845946,-2.0984595,-1.8184595,-2.1184595,-2.6784594
0.69154054,-0.17845947,1.0415405,-0.55845946,-0.16845948,0.68154055,-0.27845946,-1.2384595,-0.8984595,1.7715405,0.26154053,-1.0284594,-0.47845948,0.121540524,0.76154053,0.6015405,0.9215405,1.1515405,1.8915405,1.9515405,2.3015406,3.6915405,3.3815405,2.6715405,3.7015405,3.6215405,4.0615406,4.1915407,3.7615404,2.9815404,2.4415405,0.38154054,-0.38845947,-1.7284595,-3.0684595,-1.4284595,-2.9684594,-3.6684594,0.5215405,2.6615405,4.6915407,4.3015404,3.9815404,2.1515405,1.8715405,1.1915405,2.5315406,2.2115405,2.0615406,3.5915406,2.2315404,1.5615405,0.5315405,-1.8784595,-1.9984595,-2.6084595,-2.8484595,-3.0084596
1.9915406,0.8515405,0.7315405,1.8215405,0.0015405273,-0.13845947,-0.61845946,-0.94845945,1.2215406,-2.2584596,0.031540528,0.6715405,-0.33845946,-0.17845947,0.46154052,0.6415405,2.1915405,2.3015406,2.2415404,1.9215405,2.7915406,3.9415405,3.6615405,2.4615405,3.1115406,3.2715406,2.7315404,2.3815405,2.8815405,2.5715406,1.4215405,0.07154053,-0.18845947,-0.48845947,0.6415405,0.88154054,-0.9784595,-1.8784595,0.93154055,2.4515405,6.4815407,5.3115406,4.8915405,4.7115407,2.9715405,2.2915406,3.1915405,3.9415405,4.0415406,6.5115404,4.1015406,3.1715405,1.9615406,-1.4784595,-2.7284594,-1.7084595,-2.5384595,-3.1984594
1.4315405,0.5915405,0.5415405,0.17154053,-0.19845948,-0.8584595,-1.0184594,-1.7484595,-1.1284595,0.5815405,0.41154054,2.1515405,1.3515406,0.82154053,1.2415406,2.4115405,2.7715406,2.6815405,2.5315406,1.4115405,2.1115406,1.7315406,2.1615405,2.5615406,2.3115406,1.7115406,2.2015405,2.2715406,1.9115405,1.4815406,0.94154054,0.111540526,-0.23845947,-0.08845947,1.7215406,1.0015405,0.37154052,-1.5584595,0.19154052,4.5115404,7.0315404,4.5515404,4.6615405,3.9615405,5.2615404,6.1515408,7.3115406,6.2815404,5.5515404,2.6615405,1.3815405,2.1915405,1.8915405,0.44154054,0.26154053,0.69154054,-0.80845946,-2.4984596
3.1815405,-0.8384595,-2.5684595,-1.1384594,-1.0784595,-1.6584594,-1.5484595,0.7215405,1.4915406,1.1515405,2.0315406,0.9715405,1.0115405,0.93154055,1.8515406,2.9615405,3.0615406,2.5315406,3.3415406,2.0915406,1.6215405,2.1015406,2.1415405,2.2815406,0.80154055,0.011540527,2.0815406,2.1915405,1.9815406,1.6215405,0.8515405,-0.048459474,0.15154053,0.74154055,0.7715405,0.7715405,0.27154052,0.8915405,-0.18845947,3.9215405,5.8915405,5.5315404,4.5315404,5.5015407,4.2315407,5.1715407,5.0015407,4.8915405,4.7015405,3.8915405,3.7215405,4.2615404,4.1415405,3.8815405,3.2515404,0.51154053,-0.6084595,-0.67845947
2.4215405,-0.5884595,-2.7284594,-1.4684595,-0.94845945,-1.1384594,-2.3284595,-0.058459472,1.1815405,2.3615406,3.3615406,1.7615405,2.9415405,1.7215406,2.3615406,3.3115406,2.2415404,2.7515404,2.3515406,1.3215405,1.6515405,1.8515406,2.4815404,0.5815405,0.6015405,1.3315406,2.2115405,1.9615406,3.1915405,2.3815405,1.0915406,1.0615405,1.3315406,1.3315406,0.75154054,0.82154053,3.6715405,3.1515405,1.8315406,2.0715406,6.9215407,6.2115407,4.1115403,4.7715406,5.0515404,3.8915405,4.3115406,4.1415405,4.0615406,4.6315403,4.2515407,4.2015405,3.4115405,3.2015405,3.3015406,3.1415405,2.5315406,3.1115406
-0.67845947,-0.24845947,-0.7284595,1.5015405,0.8915405,-1.6584594,-0.9184595,0.06154053,-0.11845947,0.61154056,2.5115404,2.4015405,2.8815405,1.6015406,0.13154052,1.3415406,0.2815405,1.3815405,0.88154054,0.5815405,1.0515405,1.1315405,0.021540528,0.62154055,0.42154053,1.6015406,1.1915405,1.6515405,1.2315406,0.031540528,1.3215405,1.8615406,1.8815405,1.3815405,0.9015405,1.0415405,0.44154054,0.7015405,2.9315405,2.5115404,-0.10845947,3.9115405,4.5215406,5.3715405,4.0515404,4.0115404,3.5015404,3.7215405,3.9015405,3.8515406,3.3715405,3.3115406,2.8015406,2.5515406,1.8615406,1.9115405,1.7015405,4.4915404
0.22154053,1.6515405,2.5215406,0.6015405,-0.81845945,-0.62845945,-0.29845947,-1.2484595,-1.0584595,-0.61845946,4.5015407,4.4715405,3.2515404,2.4915404,1.3715405,0.22154053,0.081540525,-0.29845947,0.15154053,0.36154053,1.2715405,0.41154054,-0.86845946,-0.62845945,-0.19845948,0.68154055,1.3415406,0.93154055,0.8415405,0.99154055,2.2415404,1.8415406,2.9215405,1.6215405,1.4115405,0.9215405,1.4615406,3.5715406,-0.5784595,0.10154053,3.0215406,2.2215405,3.9615405,3.9515405,3.8015406,3.9315405,3.7015405,3.4715405,3.4215405,2.7915406,3.1415405,3.3715405,2.7015405,2.3815405,2.1315405,1.7615405,1.4215405,1.3715405
0.47154054,0.93154055,-1.4584595,-0.07845947,-0.98845947,0.14154053,1.8715405,0.13154052,-0.16845948,-0.50845945,8.00154,5.6715407,2.7715406,2.5315406,0.99154055,-1.4784595,-1.3684595,-1.6884595,-0.8484595,0.051540527,-0.27845946,-1.0884595,-1.0384594,-1.0584595,-0.40845948,0.76154053,0.33154052,0.021540528,1.0515405,2.8515406,2.3715405,2.7015405,2.5815406,2.2215405,1.7215406,2.3815405,1.6115406,1.4015405,0.39154053,1.3915405,4.7615404,3.8315406,4.1115403,4.1015406,4.3515406,4.2615404,3.7915406,3.2415404,2.6315405,2.5115404,2.6915405,3.1615405,2.7515404,2.1815405,2.0715406,2.1415405,1.6615405,1.3515406
0.121540524,1.2115406,-2.0384595,2.0615406,-0.038459472,0.10154053,0.43154052,-0.55845946,0.69154054,-1.1184595,9.04154,7.3315406,-1.1984595,6.3315406,3.8915405,-0.33845946,-1.7284595,-2.0384595,-1.6284595,-1.2484595,-0.28845948,-1.5184594,-1.5784595,-0.80845946,0.8515405,1.0015405,1.2115406,1.7715405,2.1615405,3.5515406,2.8115406,1.8415406,1.7315406,2.2115405,2.2015405,1.6415405,0.43154052,-0.94845945,1.6815405,3.9215405,5.0615406,5.3015404,4.9115405,3.4915404,3.9615405,2.8015406,2.9415405,2.9415405,2.8015406,2.4215405,2.3915405,2.6615405,2.1915405,2.0115404,2.0515406,1.8015405,1.7415406,1.6315405
1.3415406,2.0515406,2.6115406,2.9115405,0.7115405,0.031540528,-1.3184595,0.35154054,3.2215405,5.8315406,7.6615405,7.3415403,1.2115406,9.01154,2.3515406,0.5815405,0.35154054,-1.1084595,-1.3284595,-1.3484595,-1.5284594,0.041540526,0.14154053,1.3015405,1.5115405,0.94154054,2.2015405,2.9915404,2.6415405,1.7315406,1.6715405,0.7215405,1.6215405,2.0715406,2.3215406,2.2315404,1.9215405,-1.6184595,-0.6484595,4.5015407,4.8715405,5.1115403,4.4215407,3.3715405,3.5415406,1.8315406,2.4415405,2.3915405,2.2115405,1.9515405,2.2815406,1.9915406,1.3915405,1.5715405,1.4815406,1.4015405,1.3315406,1.4615406
-0.45845947,0.51154053,2.9115405,0.62154055,-1.0784595,-2.0784595,-0.6484595,-1.0184594,6.8815403,4.5215406,3.1815405,5.7715406,4.1715407,4.5915403,-0.058459472,0.6515405,-2.4284594,-0.8384595,0.07154053,-0.67845947,0.8915405,-0.21845947,1.0315405,2.5915406,2.9215405,2.4815404,2.7915406,1.7215406,2.6515405,1.8715405,0.81154054,0.9215405,2.1015406,2.1615405,2.4615405,2.3915405,2.1315405,2.4115405,3.1515405,3.8415406,3.1415405,3.1315405,5.3015404,4.3315406,2.7415404,2.5215406,1.2715405,1.3515406,1.3415406,1.8615406,2.1615405,2.2415404,1.9315405,2.0415406,1.2015405,0.9815405,0.9115405,0.62154055
1.1415405,2.1915405,1.3015405,-0.7684595,-3.2284594,-4.8684597,-2.5584595,3.7715406,7.8915405,1.5815406,2.1215405,3.7215405,0.5315405,2.1615405,1.2615405,-1.1084595,0.47154054,-0.24845947,-1.2884594,-1.4584595,-0.7884595,-0.47845948,0.75154054,0.75154054,2.7215405,2.5615406,2.0015404,1.5515405,2.8515406,2.2315404,2.3215406,1.4815406,1.9515405,2.2615404,2.7515404,2.9015405,3.3315406,3.4915404,3.4715405,3.5015404,3.9115405,3.9715405,3.0115404,3.0515406,2.0415406,1.6615405,2.1615405,1.9315405,2.3015406,2.1415405,2.1015406,1.9615406,1.3015405,1.8115405,1.1415405,1.2515405,0.9815405,1.1115406
2.2615404,4.5315404,2.5915406,0.21154052,-0.7884595,-1.3284595,0.46154052,5.4615407,5.7815404,4.4415407,1.6015406,2.5615406,-1.5084594,-1.6284595,1.1615405,0.7115405,1.7215406,1.3015405,-0.35845947,-3.6184595,-0.81845945,-6.0684595,-2.1184595,-2.6684594,-1.3784595,1.0815406,1.6415405,2.4415405,1.8715405,0.7215405,2.4415405,1.1915405,1.5015405,2.0315406,1.7615405,3.0815406,4.1815405,4.5315404,4.3615403,4.7215405,4.5415406,3.7215405,3.9415405,4.2915406,2.7815406,1.5915406,1.7815405,2.5715406,2.4615405,2.3315406,2.1015406,1.4815406,1.4015405,1.3415406,1.3015405,1.1515405,1.5415405,1.7715405
1.5515405,5.5315404,5.8615403,0.45154053,-0.8384595,2.2815406,-0.39845946,5.6215405,6.5015407,6.9615407,-0.41845948,4.6115403,0.82154053,-0.33845946,-1.4584595,4.2315407,3.1015406,2.1515405,0.081540525,-0.7984595,-0.5984595,1.5915406,0.49154052,0.75154054,0.88154054,-0.028459473,-1.2084595,-0.8984595,-0.19845948,1.3615406,2.6515405,1.9615406,4.1015406,3.1315405,2.6715405,3.2615404,1.8615406,4.7315407,5.9515405,5.4615407,5.0315404,3.6115406,3.8315406,4.9915404,4.6315403,2.6115406,3.0915406,2.8615406,2.5915406,2.4215405,1.5915406,1.0215405,0.9615405,0.99154055,1.4115405,1.8515406,2.0015404,2.0815406
5.0915403,6.0115404,3.8515406,3.0615406,1.3315406,3.7915406,1.0015405,1.8115405,4.8215404,5.7715406,5.9115405,4.4715405,4.8615403,4.3815403,4.6715407,5.0115404,6.4715405,1.2615405,4.8315406,1.1015406,0.8315405,-0.17845947,-0.44845948,-1.2584594,-1.2684594,-0.23845947,0.2815405,0.50154054,-2.3584595,-0.18845947,3.4915404,2.4115405,2.8815405,3.2415404,1.6915405,-1.3884594,0.94154054,4.8215404,6.8215404,4.9715405,4.6415405,4.0715404,3.9515405,4.6115403,4.7115407,3.9815404,2.2015405,2.6815405,2.6315405,2.4715405,2.6015406,1.9915406,1.7315406,1.3415406,1.5015405,1.8915405,2.1715405,1.9315405
5.0615406,5.7515407,6.7715406,8.71154,0.8915405,4.3615403,3.6915405,2.2515404,4.4115405,4.8615403,5.5215406,5.9315405,5.3015404,5.6315403,5.2515407,4.5215406,4.7415404,2.3415406,3.3815405,4.4515405,5.3215404,6.2315407,1.6115406,1.2815405,0.62154055,-0.88845944,-1.5284594,-1.5184594,-1.5784595,-0.028459473,1.5315405,1.8315406,4.2815404,-1.9684595,-2.3284595,-2.1484594,0.8415405,4.8015404,6.7315407,4.6015406,4.6215405,4.8115406,4.6815405,4.7015405,5.3415403,4.3815403,3.8115406,2.7115405,3.1415405,3.6815405,3.2815406,2.8315406,2.6115406,1.7415406,1.2415406,1.9915406,1.9115405,2.4215405
4.1415405,4.4115405,4.4815407,4.8115406,-0.6584595,2.2215405,2.0515406,1.9315405,3.0515406,3.4815404,4.2515407,4.7215405,5.0015407,4.9215407,4.3415403,4.5415406,4.2115407,3.0015404,1.2515405,3.1415405,4.2015405,4.8915405,1.9315405,0.48154053,0.5215405,-0.4684595,1.8915405,1.0615405,-1.3684595,-1.3884594,-0.17845947,-1.7284595,4.5515404,3.0415406,2.1615405,2.7015405,4.2415404,6.1715407,6.6415405,1.3115405,4.4215407,4.5615406,4.0915403,4.4315405,5.0315404,3.7515404,2.6015406,2.8615406,3.0115404,2.2915406,1.8715405,2.0015404,2.7415404,2.2315404,2.1615405,1.6915405,2.3015406,1.2315406
2.3215406,2.3015406,1.7115406,0.9515405,0.32154053,0.62154055,-0.35845947,0.44154054,1.2915405,1.8015405,1.3515406,5.3715405,3.6015406,2.9415405,1.7915405,-1.4184594,4.4315405,2.8615406,2.0615406,3.1915405,3.0815406,4.5315404,3.4915404,-0.36845946,1.1215405,2.0915406,1.8715405,0.9115405,0.69154054,1.6715405,-0.8484595,0.86154056,1.1115406,3.2515404,3.9815404,4.0715404,5.1215405,5.0615406,5.5615406,3.3715405,3.3115406,0.56154054,2.9315405,3.9815404,5.3315406,4.4515405,2.3315406,3.5515406,4.0915403,3.9915404,5.0215406,3.4415405,2.5115404,2.6815405,1.7115406,1.1915405,1.2115406,1.6915405
4.9515405,-2.5284595,-3.7584596,-1.2084595,-1.1884595,-3.9884596,-3.6884594,-2.8084595,-2.2084594,1.9415405,-0.67845947,4.8115406,3.5315406,3.6315405,2.9715405,4.0515404,3.5315406,3.1215405,3.9215405,4.1215405,4.7715406,6.1615405,2.5815406,3.6215405,1.0415405,1.5815406,1.9115405,2.0115404,6.5515404,6.2615404,3.0215406,-1.3684595,-1.6884595,1.7515405,2.6915405,4.4815407,4.3915405,5.0915403,5.0015407,4.0715404,3.9615405,3.1715405,4.9515405,2.0815406,2.9615405,5.2715406,4.0115404,3.3415406,3.6615405,4.1315403,4.1115403,4.0715404,3.3115406,2.8215406,2.1215405,2.1115406,1.4115405,1.3715405
4.8915405,3.0415406,3.6515405,2.8515406,-0.16845948,1.6315405,2.7815406,2.3115406,0.94154054,-2.5084596,2.0015404,1.7715405,2.7515404,1.7115406,1.2815405,2.1915405,2.8515406,3.1915405,3.8615406,4.2515407,4.6715407,4.3015404,4.3115406,3.8215406,3.6015406,1.9915406,1.9315405,2.7515404,6.4715405,7.9315405,9.21154,1.8615406,-1.8584595,-2.0384595,0.24154052,4.3915405,4.2615404,4.7815404,4.5315404,5.1615405,5.4615407,3.6015406,3.3215406,4.2815404,3.9615405,0.6615405,3.6315405,3.9315405,4.2215405,4.8015404,5.6215405,4.5615406,3.5915406,3.7515404,2.4015405,1.6515405,1.5515405,2.2715406
3.6215405,2.7415404,3.4415405,5.5915403,4.0115404,3.0515406,2.3615406,3.6415405,5.1015406,-0.8584595,-0.61845946,0.041540526,1.0715405,0.69154054,0.42154053,-0.08845947,1.1415405,3.2715406,3.1215405,3.7215405,4.0615406,3.6615405,2.6215405,1.9415405,1.1715405,2.0115404,5.2915406,7.3015404,7.4115405,7.8215404,7.9915404,8.29154,3.7215405,1.2715405,0.81154054,0.9515405,4.1015406,4.5515404,4.8615403,5.9615407,6.3315406,5.5715404,5.1515408,5.6415405,3.3715405,1.9815406,4.6215405,4.8415403,5.0615406,6.6115403,6.0915403,7.5015407,6.9915404,5.1015406,2.6515405,1.3515406,0.61154056,0.5215405
3.1015406,3.2315404,3.5515406,3.6415405,3.7415404,2.7215405,3.4315405,2.1715405,0.25154054,-0.9584595,0.15154053,1.2715405,1.0915406,-0.098459475,-4.1884594,-2.2884595,-1.0184594,2.3015406,2.4115405,2.5815406,3.1015406,3.2415404,2.3515406,1.5815406,1.8215405,-0.07845947,2.5515406,8.071541,8.151541,7.3115406,7.8415403,7.6815405,5.8215404,5.5015407,4.9915404,4.8815403,4.2115407,3.6015406,5.9615407,6.3115406,7.0315404,6.3515406,5.8115406,5.9515405,4.6115403,4.5015407,3.4315405,4.7115407,5.0215406,5.0115404,5.0715404,5.2515407,5.9715405,5.7015405,4.9315405,4.1215405,0.88154054,-0.19845948
7.2615404,5.6715407,5.0815406,3.5915406,3.3715405,2.4115405,1.7215406,1.0215405,-0.55845946,0.86154056,0.031540528,-1.1284595,-0.4384595,-0.50845945,1.4915406,-3.5084596,-5.6384597,-3.5384595,-3.8884594,-5.0284595,-0.8584595,2.9515405,2.5515406,2.5415406,1.6815405,-0.33845946,1.5315405,4.8615403,7.9315405,7.4515405,7.4615407,7.1915407,6.8615403,6.0615406,6.3515406,6.3315406,6.9315405,5.5215406,6.6815405,7.8515406,7.5915403,7.3815403,6.7015405,5.6315403,5.8615403,5.6715407,5.8015404,4.8415403,5.4915404,5.2915406,5.3115406,5.3815403,5.9215407,6.0015407,5.9515405,6.2415404,3.8815405,-1.2284595
6.3515406,6.9615407,7.0815406,6.9015408,3.9715405,3.5315406,4.3515406,3.8115406,5.0215406,2.3715405,1.2215406,1.0715405,-2.6584594,-2.5184596,-4.6184597,0.041540526,-0.37845948,0.29154053,0.9515405,2.8015406,1.3115405,2.2515404,2.5715406,3.0915406,3.3115406,0.9715405,0.82154053,2.3415406,6.7115407,7.4515405,7.7315407,7.2015405,6.6615405,5.9615407,6.0315404,6.5815406,6.8115406,6.4715405,5.6615405,5.9115405,7.7715406,7.8915405,8.38154,7.7015405,8.031541,6.9815407,7.0015407,7.0715404,6.0715404,6.2115407,4.9815407,6.1315403,6.3115406,5.3615403,4.9115405,6.8315406,5.3415403,0.011540527
