frontend/data/wind/wind_data.json
{"header": {"discipline":0,"disciplineName":"Meteorological products","gribEdition":2,"gribLength":78368,"center":7,"centerName":"US National Weather Service - NCEP(WMC)","subcenter":0,"refTime":"2020-10-03T06:00:00.000Z","significanceOfRT":1,"significanceOfRTName":"Start of forecast","productStatus":0,"productStatusName":"Operational products","productType":1,"productTypeName":"Forecast products","productDefinitionTemplate":0,"productDefinitionTemplateName":"Analysis/forecast at horizontal level/layer at a point in time","parameterCategory":2,"parameterCategoryName":"Momentum","parameterNumber":2,"parameterNumberName":"U-component_of_wind","parameterUnit":"m.s-1","genProcessType":2,"genProcessTypeName":"Forecast","forecastTime":0,"surface1Type":103,"surface1TypeName":"Specified height level above ground","surface1Value":10.0,"surface2Type":255,"surface2TypeName":"Missing","surface2Value":0.0,"gridDefinitionTemplate":0,"gridDefinitionTemplateName":"Latitude_Longitude","numberPoints":65160,"shape":6,"shapeName":"Earth spherical with radius of 6,371,229.0 m","gridUnits":"degrees","resolution":48,"winds":"true","scanMode":0,"nx":360,"ny":181,"basicAngle":0,"lo1":0.0,"la1":90.0,"lo2":359.0,"la2":-90.0,"dx":1.0,"dy":1.0}, "data":
[rows 100 to 124 of 181, columns 228 to 284 of 360]
-9.587344,-9.777344,-10.2673435,-10.427343,-10.277344,-10.367344,-9.417344,-9.577344,-9.067344,-9.027344,-9.227344,-9.217343,-8.697344,-9.247344,-9.037344,-8.727344,-9.027344,-8.887343,-8.537344,-8.387343,-7.677344,-7.7973437,-7.987344,-7.8173437,-7.537344,-7.947344,-7.1673436,-7.137344,-6.907344,-8.157344,-7.9973435,-8.817344,-7.967344,-8.177343,-8.147344,-8.3073435,-8.207344,-8.127344,-8.137343,-7.697344,-7.697344,-6.807344,-7.1273437,-7.307344,-7.4773436,-7.7673435,-7.887344,-8.157344,-7.257344,-7.0273438,-5.867344,-5.0473437,-3.6973438,-2.8773437,0.39265624,-1.8473438,0.10265625
-10.187344,-9.527344,-10.697344,-10.777344,-10.327344,-10.097343,-9.627344,-10.367344,-9.897344,-10.167344,-9.957344,-9.707344,-9.607344,-9.3073435,-9.107344,-9.507343,-9.177343,-9.287344,-8.847343,-8.457344,-8.757343,-8.957344,-8.497344,-8.387343,-7.947344,-7.9173436,-7.2773438,-7.6273437,-7.8573437,-7.807344,-8.397344,-8.787344,-8.847343,-8.637343,-8.617344,-8.437344,-8.347343,-8.5573435,-8.697344,-7.8173437,-7.737344,-7.7073436,-7.347344,-7.657344,-7.7673435,-8.437344,-8.187344,-8.497344,-8.087344,-7.4773436,-6.787344,-5.4973435,-4.5873437,-3.6973438,-1.6873437,0.29265624,0.32265624
-10.007343,-10.317344,-11.007343,-10.857344,-10.687344,-10.067344,-10.167344,-10.247344,-10.377344,-10.287344,-10.757343,-10.297344,-9.927343,-10.177343,-10.387343,-10.357344,-10.067344,-9.567344,-9.897344,-8.897344,-8.967343,-9.167344,-8.897344,-8.607344,-8.297344,-8.117344,-8.277344,-7.967344,-7.537344,-8.207344,-8.157344,-8.447344,-8.817344,-9.197344,-9.157344,-9.007343,-8.707344,-8.877344,-8.887343,-8.737344,-7.987344,-7.907344,-8.187344,-8.277344,-7.677344,-8.097343,-8.377344,-8.587344,-8.837344,-7.757344,-7.007344,-6.2673435,-5.557344,-4.787344,-2.2873437,0.11265625,-1.3273437
-11.217343,-11.737344,-11.167344,-11.187344,-10.867344,-10.547344,-10.597343,-10.027344,-10.787344,-10.157344,-10.487344,-10.247344,-10.667344,-11.467343,-10.967343,-10.597343,-10.647344,-10.257343,-10.337344,-10.137343,-9.487344,-8.847343,-9.657344,-8.837344,-9.287344,-8.737344,-8.047344,-7.717344,-8.187344,-8.237344,-8.007343,-8.627344,-8.547344,-9.097343,-9.247344,-9.877344,-9.377344,-9.417344,-8.987344,-8.537344,-8.337344,-8.277344,-7.9973435,-8.377344,-7.927344,-7.8773437,-8.287344,-8.617344,-8.537344,-8.147344,-7.8173437,-6.7673435,-6.5473437,-5.9173436,-4.677344,-2.1873438,0.04265625
-11.287344,-10.8073435,-10.367344,-10.567344,-10.707344,-10.5573435,-10.567344,-10.847343,-10.007343,-9.877344,-9.997344,-10.677343,-11.357344,-10.917344,-10.437344,-10.607344,-10.987344,-10.747344,-10.287344,-10.417344,-10.137343,-10.067344,-9.347343,-9.397344,-9.047344,-8.927343,-8.577344,-9.087344,-8.777344,-8.527344,-8.527344,-8.487344,-8.727344,-9.2673435,-9.657344,-9.457344,-9.627344,-9.667344,-9.217343,-8.537344,-8.287344,-8.0173435,-8.327344,-8.507343,-8.277344,-8.007343,-8.547344,-8.707344,-8.967343,-8.277344,-8.397344,-7.507344,-6.9173436,-6.9773436,-6.3173437,-5.4573436,0.23265626
-11.117344,-10.657344,-10.737344,-11.337344,-10.597343,-10.667344,-11.067344,-10.707344,-9.5173435,-10.627344,-10.727344,-10.717343,-11.067344,-10.917344,-10.527344,-10.537344,-10.487344,-10.497344,-10.067344,-10.427343,-9.797344,-9.667344,-9.797344,-9.737344,-9.2673435,-9.087344,-9.387343,-9.317344,-9.0173435,-9.277344,-9.147344,-9.667344,-9.377344,-9.927343,-9.817344,-10.147344,-9.857344,-9.327344,-9.497344,-9.077344,-8.507343,-8.337344,-8.177343,-8.637343,-8.667344,-8.077344,-8.027344,-8.577344,-8.837344,-9.217343,-8.427343,-8.127344,-7.6273437,-7.077344,-7.1873436,-6.557344,-6.5873437
-10.877344,-10.147344,-10.0173435,-10.707344,-10.887343,-9.787344,-10.707344,-9.947344,-9.947344,-10.737344,-11.0573435,-10.827344,-11.047344,-10.657344,-10.487344,-10.657344,-10.867344,-10.527344,-9.967343,-9.887343,-9.967343,-9.327344,-9.127344,-9.387343,-9.487344,-9.407344,-9.737344,-9.0573435,-9.597343,-9.477344,-9.3073435,-9.357344,-9.637343,-10.007343,-9.617344,-10.297344,-9.967343,-9.667344,-8.857344,-8.877344,-8.797344,-8.587344,-8.427343,-8.567344,-8.347343,-8.397344,-8.347343,-8.667344,-8.897344,-8.877344,-8.637343,-7.827344,-8.047344,-7.8173437,-7.2473435,-7.1473436,-6.657344
-10.0173435,-10.217343,-10.0173435,-10.187344,-10.457344,-10.387343,-9.927343,-10.357344,-10.417344,-10.367344,-10.7673435,-10.127344,-10.477344,-10.047344,-10.667344,-10.627344,-9.797344,-9.5573435,-9.297344,-8.737344,-8.917344,-8.387343,-8.917344,-8.837344,-9.187344,-9.657344,-9.607344,-9.347343,-9.067344,-9.067344,-8.847343,-8.577344,-8.237344,-8.327344,-9.417344,-9.597343,-10.607344,-9.567344,-9.007343,-8.867344,-8.597343,-8.597343,-8.327344,-8.397344,-8.297344,-8.697344,-8.647344,-8.687344,-8.907344,-8.377344,-8.627344,-7.967344,-8.0573435,-7.597344,-7.287344,-6.8773437,-5.927344
-9.737344,-10.007343,-9.887343,-10.607344,-10.147344,-9.667344,-9.847343,-9.8073435,-9.657344,-10.227344,-9.707344,-9.627344,-9.667344,-9.927343,-9.877344,-10.007343,-9.5573435,-9.197344,-8.457344,-8.357344,-7.9373436,-8.447344,-8.287344,-9.067344,-9.657344,-9.897344,-9.8073435,-9.367344,-10.367344,-9.967343,-9.887343,-10.127344,-10.637343,-10.157344,-9.647344,-9.917344,-10.227344,-9.047344,-8.597343,-8.5173435,-7.847344,-8.037344,-8.217343,-7.7473435,-8.237344,-8.607344,-8.877344,-8.657344,-8.617344,-8.577344,-7.987344,-7.9773436,-7.757344,-7.347344,-6.6873436,-6.9373436,-6.307344
-10.097343,-10.077344,-10.657344,-9.8073435,-9.907344,-9.347343,-9.5573435,-9.887343,-9.417344,-9.547344,-8.997344,-9.157344,-8.757343,-9.337344,-9.957344,-10.127344,-9.357344,-8.367344,-10.277344,-8.667344,-8.647344,-9.187344,-10.257343,-10.467343,-10.927343,-11.0573435,-11.3073435,-11.337344,-11.317344,-11.127344,-11.047344,-11.027344,-10.587344,-10.287344,-9.8073435,-9.007343,-8.507343,-8.217343,-7.7273436,-7.677344,-7.1473436,-7.4573436,-7.597344,-7.3573437,-8.037344,-8.277344,-8.787344,-8.627344,-8.317344,-8.377344,-7.8773437,-8.217343,-7.4173436,-7.0673437,-6.717344,-5.5173435,-5.617344
-10.197344,-9.777344,-9.047344,-8.997344,-9.527344,-9.287344,-9.0173435,-9.347343,-8.347343,-9.537344,-9.217343,-9.087344,-8.907344,-8.977344,-9.497344,-9.987344,-9.067344,-9.447344,-9.727344,-8.737344,-9.8073435,-10.067344,-10.947344,-11.317344,-11.447344,-10.947344,-10.437344,-10.507343,-9.757343,-10.007343,-9.907344,-9.607344,-9.947344,-8.997344,-8.5573435,-8.427343,-7.9573436,-7.1473436,-6.7973437,-6.467344,-6.947344,-7.057344,-7.4973435,-7.307344,-7.3973436,-7.737344,-7.807344,-8.247344,-8.327344,-7.637344,-7.327344,-6.7773438,-6.8573437,-6.427344,-6.7273436,-5.8173437,-4.7473435
-8.967343,-9.067344,-9.127344,-9.207344,-8.947344,-8.787344,-9.437344,-8.627344,-8.797344,-8.897344,-8.957344,-8.627344,-10.037344,-9.727344,-10.0573435,-10.567344,-9.047344,-10.407344,-10.497344,-8.437344,-9.957344,-10.287344,-10.3073435,-10.907344,-10.877344,-10.117344,-9.257343,-9.457344,-9.197344,-9.247344,-8.827344,-8.5573435,-9.2673435,-9.067344,-8.3073435,-7.637344,-7.7073436,-7.637344,-7.8773437,-6.537344,-6.5173435,-7.6673436,-7.4973435,-7.4373436,-8.2673435,-8.447344,-8.447344,-8.407344,-7.2073436,-6.7073436,-6.5673437,-6.3773437,-6.2473435,-5.6073437,-6.1073437,-5.097344,-4.367344
-8.567344,-8.717343,-8.117344,-8.367344,-8.5173435,-8.417344,-8.187344,-8.877344,-8.177343,-8.447344,-8.217343,-8.607344,-8.697344,-9.617344,-9.0173435,-9.037344,-9.357344,-10.2673435,-9.797344,-10.467343,-9.447344,-10.217343,-9.7673435,-10.427343,-10.337344,-10.107344,-9.937344,-9.8073435,-9.477344,-9.397344,-9.857344,-9.077344,-8.787344,-8.717343,-8.717343,-8.457344,-7.557344,-8.197344,-8.247344,-8.497344,-7.177344,-6.9573436,-6.7273436,-6.6673436,-7.077344,-7.447344,-7.2273436,-6.7673435,-5.577344,-5.2973437,-5.197344,-5.6873436,-5.1873436,-5.237344,-5.537344,-5.3573437,-4.0873437
-8.187344,-8.117344,-8.037344,-7.287344,-7.0673437,-7.507344,-7.8773437,-8.0573435,-7.257344,-8.107344,-7.807344,-8.537344,-8.717343,-8.897344,-9.157344,-9.157344,-9.457344,-9.147344,-9.667344,-9.337344,-9.577344,-9.607344,-9.587344,-9.547344,-10.227344,-10.067344,-10.647344,-9.707344,-10.107344,-9.577344,-9.427343,-8.887343,-8.857344,-8.287344,-7.9773436,-8.177343,-7.807344,-7.927344,-8.457344,-7.4773436,-7.8573437,-7.717344,-6.9573436,-6.9773436,-6.447344,-6.4173436,-5.9373436,-5.8573437,-4.9173436,-4.617344,-5.3373437,-4.8173437,-4.8373437,-4.7273436,-4.447344,-4.4573436,-3.4173439
-9.337344,-8.867344,-7.867344,-7.787344,-6.697344,-6.4373436,-6.1473436,-7.6873436,-7.387344,-7.6873436,-8.067344,-7.927344,-8.187344,-8.197344,-8.647344,-8.277344,-8.637343,-8.837344,-9.127344,-9.227344,-9.067344,-8.947344,-9.217343,-10.127344,-9.727344,-10.357344,-9.927343,-10.587344,-9.497344,-9.507343,-8.997344,-8.187344,-8.967343,-7.597344,-7.657344,-7.177344,-7.5273438,-7.427344,-7.6673436,-7.487344,-7.927344,-7.2673435,-6.1673436,-6.847344,-6.717344,-6.4973435,-5.9573436,-5.537344,-5.367344,-5.0273438,-4.7073436,-4.6873436,-4.677344,-3.7873437,-3.9173439,-3.1473436,-3.1273437
-7.6673436,-6.9173436,-6.3373437,-6.7973437,-6.097344,-7.1073437,-8.107344,-8.047344,-8.027344,-7.907344,-7.927344,-7.5673437,-7.287344,-7.1073437,-8.367344,-8.077344,-7.7773438,-8.627344,-7.8973436,-8.867344,-8.427343,-8.397344,-9.217343,-9.2673435,-9.947344,-10.947344,-10.317344,-9.447344,-8.127344,-7.387344,-7.737344,-7.6873436,-8.127344,-6.787344,-6.827344,-6.507344,-6.427344,-6.327344,-7.637344,-7.3373437,-7.137344,-7.007344,-6.217344,-5.9373436,-6.447344,-5.7673435,-5.6673436,-5.467344,-5.0473437,-4.407344,-4.7673435,-3.3873436,-4.007344,-3.7673438,-2.5573437,-2.3573437,-2.3173437
-6.307344,-5.927344,-6.3173437,-6.237344,-5.717344,-6.467344,-7.407344,-7.7073436,-6.8973436,-6.757344,-6.5473437,-6.1273437,-6.577344,-6.6273437,-7.057344,-7.697344,-7.867344,-8.467343,-7.3573437,-7.3173437,-7.737344,-8.217343,-8.377344,-9.217343,-10.117344,-9.677343,-8.947344,-9.367344,-7.347344,-7.5273438,-6.697344,-7.157344,-6.537344,-5.8773437,-5.5873437,-5.3373437,-6.8773437,-6.4173436,-6.3373437,-6.1073437,-6.597344,-6.4573436,-5.9973435,-5.787344,-5.137344,-5.637344,-4.617344,-4.387344,-4.347344,-3.0473437,-3.5173438,-2.7373438,-3.6973438,-2.4773438,-2.1073437,-1.8473438,-1.4173437
-6.077344,-5.8573437,-5.6873436,-6.2273436,-5.987344,-6.5673437,-6.5173435,-5.927344,-6.307344,-6.3373437,-6.5273438,-6.2273436,-5.2973437,-5.6673436,-6.1673436,-7.287344,-7.4973435,-7.387344,-7.447344,-7.1873436,-6.507344,-8.117344,-8.537344,-8.377344,-8.217343,-8.867344,-8.717343,-8.227344,-6.597344,-6.6473436,-6.5273438,-6.6873436,-6.1673436,-5.7073436,-5.8973436,-5.7073436,-6.1273437,-6.387344,-5.787344,-6.1273437,-6.507344,-6.487344,-6.2273436,-5.847344,-4.947344,-4.0673437,-3.3273437,-3.9073439,-3.4573438,-2.7173438,-2.6273437,-2.2673438,-1.2373438,-1.5573437,-1.2773438,-0.97734374,-0.6773437
-5.6673436,-5.827344,-4.7473435,-5.0473437,-5.697344,-6.0273438,-6.1073437,-5.657344,-5.5473437,-5.5273438,-6.467344,-6.057344,-4.537344,-4.447344,-4.2073436,-5.947344,-6.9173436,-7.0673437,-6.7673435,-6.6273437,-6.6073437,-7.617344,-8.297344,-7.347344,-8.437344,-8.967343,-8.147344,-7.1473436,-7.557344,-6.577344,-6.5673437,-6.597344,-6.737344,-6.347344,-6.117344,-6.117344,-5.807344,-6.4973435,-5.737344,-5.427344,-5.717344,-6.0873437,-5.7073436,-5.1073437,-4.9173436,-4.0173435,-3.4673438,-2.6773438,-1.9673438,-1.2273438,-1.3573438,-0.5673438,0.06265625,-1.4573437,-0.22734375,-0.09734375,-0.11734375
-4.3173437,-4.887344,-3.6773438,-4.347344,-4.4373436,-5.0673437,-6.447344,-4.9573436,-4.537344,-4.8573437,-5.0873437,-6.3973436,-5.2973437,-5.0873437,-3.4573438,-4.847344,-5.287344,-6.097344,-6.0173435,-6.1473436,-5.9973435,-6.077344,-6.1073437,-7.1873436,-8.097343,-7.0473437,-6.8173437,-6.987344,-6.327344,-6.867344,-8.037344,-7.2273436,-6.077344,-6.037344,-6.1273437,-6.2073436,-5.2973437,-5.967344,-4.2673435,-5.037344,-5.0873437,-5.487344,-4.807344,-4.7773438,-4.637344,-3.5373437,-3.1273437,-1.9773438,-1.5273438,-1.1473438,-0.25734374,-0.09734375,0.8226563,1.3426563,0.45265624,1.2926563,0.6926563
-2.6373436,-2.9973438,-3.0073438,-2.7173438,-3.1573439,-3.8873436,-5.327344,-5.2273436,-4.1873436,-4.6673436,-4.6473436,-5.117344,-5.367344,-5.4173436,-4.697344,-4.157344,-3.9673438,-4.1073437,-5.2773438,-5.637344,-5.7673435,-5.2673435,-5.9173436,-5.967344,-6.6273437,-7.3973436,-7.327344,-7.1273437,-6.557344,-6.347344,-7.137344,-6.717344,-6.4973435,-6.927344,-6.6873436,-6.037344,-6.827344,-6.177344,-6.807344,-6.137344,-5.4773436,-5.7073436,-5.697344,-5.177344,-3.5773437,-3.3173437,-3.5773437,-2.6673439,-0.78734374,-2.4173439,-1.3873438,-0.46734375,0.47265625,1.1826563,1.7026563,1.3826562,1.0626563
-0.22734375,-1.1173438,-1.1873437,-1.1073438,-1.3773438,-2.5073438,-2.8673437,-4.0673437,-3.5373437,-3.4773438,-3.9873438,-4.637344,-3.7873437,-5.0673437,-3.5673437,-3.5073438,-2.6773438,-3.4473438,-3.2673438,-3.8373437,-4.037344,-5.257344,-5.677344,-4.4573436,-6.8573437,-6.217344,-6.7773438,-6.7073436,-6.2773438,-5.8573437,-6.7773438,-6.8973436,-6.2973437,-7.177344,-7.057344,-7.0273438,-6.2273436,-6.097344,-5.717344,-4.697344,-4.987344,-5.177344,-5.1073437,-4.2473435,-5.4773436,-4.7673435,-3.6673439,-2.7273438,-3.2473438,-1.2773438,-0.22734375,0.46265626,1.4826562,1.3526562,1.5826563,2.1826563,2.1726563
0.7526562,0.65265626,0.47265625,-0.48734376,-0.36734375,-0.22734375,-0.91734374,-1.3673438,-2.1873438,-1.6673437,-3.2873437,-3.1573439,-2.4573438,-3.6573439,-3.4273438,-2.9373438,-3.2473438,-1.2173438,-1.8173437,-2.5273438,-2.4273438,-4.1473436,-4.537344,-5.157344,-5.1873436,-4.8573437,-6.2473435,-6.717344,-5.5673437,-5.1673436,-5.2673435,-5.927344,-6.217344,-7.577344,-6.9573436,-7.4373436,-7.007344,-5.7673435,-6.597344,-6.617344,-6.737344,-6.9373436,-6.347344,-5.8173437,-5.2473435,-3.6373436,-3.6573439,-2.7173438,-1.7773438,-1.9073437,-0.42734376,0.43265626,0.61265624,0.90265626,1.4826562,1.8026563,1.7926563
0.16265625,0.9326562,1.3126563,0.5726563,0.78265625,1.0826563,1.3626562,0.5026562,0.61265624,-0.53734374,-0.60734373,-0.77734375,-1.3073437,-0.9873437,-1.7973437,-2.0073438,-2.9273438,-3.5173438,-0.26734376,-0.6173437,-1.1773437,-2.3373437,-3.1973438,-3.9473438,-4.697344,-2.9273438,-3.3373437,-5.827344,-5.5273438,-5.3573437,-4.427344,-4.6473436,-5.137344,-6.0173435,-7.3173437,-6.927344,-7.3373437,-7.057344,-6.7973437,-6.7773438,-7.097344,-6.197344,-5.617344,-6.3573437,-3.8673437,-4.4773436,-3.6073437,-3.1473436,-1.8573438,-0.41734374,-0.60734373,0.52265626,1.1926563,0.54265624,0.73265624,1.3726562,1.4426563
1.0726563,1.7026563,1.4526563,1.3626562,0.14265625,1.4726562,2.4426563,1.6926563,2.0426562,2.0926561,1.7826562,2.0926561,2.0626562,1.3826562,-0.41734374,-0.6773437,-1.4273437,-1.8473438,-2.6773438,1.1526562,0.5126563,-0.96734375,-1.4673438,-2.3273437,-3.2873437,-3.1273437,-0.91734374,-4.1473436,-4.7473435,-5.0473437,-4.827344,-4.367344,-4.137344,-4.907344,-5.137344,-6.4973435,-6.8573437,-6.7773438,-6.057344,-5.9973435,-6.447344,-5.8173437,-6.177344,-4.807344,-4.467344,-4.287344,-3.5973437,-2.7873437,-2.2973437,-2.0773437,-1.2673438,-0.5573437,0.16265625,-0.15734375,0.19265625,-1.8973438,-3.9473438
